learn fast
batch 50
0 0.00	0.00	+-0.259031
1 0.30	0.30	+-0.256792
2 0.56	0.56	+-0.254885
3 0.78	0.78	+-0.242356
4 0.93	0.93	+-0.240514
5 1.00	1.00	+-0.238386
6 0.97	0.41	+-0.245900
7 0.86	0.41	+-0.245896
8 0.68	0.42	+-0.245776
9 0.43	0.40	+-0.245897
10 0.14	0.40	+--107374176.000000
11 -0.16	0.40	+--107374176.000000
12 -0.44	0.40	+--107374176.000000
13 -0.69	0.40	+--107374176.000000
14 -0.87	0.40	+--107374176.000000
15 -0.98	0.40	+--107374176.000000
batch1 50
0 0.00	0.00	+-22043.812500
1 0.30	0.30	+-22043.812500
2 0.56	0.56	+-22043.812500
3 0.78	0.78	+-22043.812500
4 0.93	0.93	+-22043.812500
5 1.00	1.00	+-22043.812500
6 0.97	12444.59	+-22043.812500
7 0.86	12444.59	+-22043.812500
8 0.68	12444.59	+-22043.812500
9 0.43	12444.59	+-22043.812500
10 0.14	12444.59	+--107374176.000000
11 -0.16	12444.59	+--107374176.000000
12 -0.44	12444.59	+--107374176.000000
13 -0.69	12444.59	+--107374176.000000
14 -0.87	12444.59	+--107374176.000000
15 -0.98	12444.59	+--107374176.000000
batch2 50
0 0.00	0.00	+-22043.812500
1 0.30	0.30	+-22043.812500
2 0.56	0.56	+-22043.812500
3 0.78	0.78	+-22043.812500
4 0.93	0.93	+-22043.812500
5 1.00	1.00	+-22043.812500
6 0.97	12444.59	+-22043.812500
7 0.86	12444.59	+-22043.812500
8 0.68	12444.59	+-22043.812500
9 0.43	12444.59	+-22043.812500
10 0.14	12444.59	+--107374176.000000
11 -0.16	12444.59	+--107374176.000000
12 -0.44	12444.59	+--107374176.000000
13 -0.69	12444.59	+--107374176.000000
14 -0.87	12444.59	+--107374176.000000
15 -0.98	12444.59	+--107374176.000000
batch3 50
0 0.00	0.00	+-22043.812500
1 0.30	0.30	+-22043.812500
2 0.56	0.56	+-22043.812500
3 0.78	0.78	+-22043.812500
4 0.93	0.93	+-22043.812500
5 1.00	1.00	+-22043.812500
6 0.97	12444.59	+-22043.812500
7 0.86	12444.59	+-22043.812500
8 0.68	12444.59	+-22043.812500
9 0.43	12444.59	+-22043.812500
10 0.14	12444.59	+--107374176.000000
11 -0.16	12444.59	+--107374176.000000
12 -0.44	12444.59	+--107374176.000000
13 -0.69	12444.59	+--107374176.000000
14 -0.87	12444.59	+--107374176.000000
15 -0.98	12444.59	+--107374176.000000
batch4 50
0 0.00	0.00	+-22043.812500
1 0.30	0.30	+-22043.812500
2 0.56	0.56	+-22043.812500
3 0.78	0.78	+-22043.812500
4 0.93	0.93	+-22043.812500
5 1.00	1.00	+-22043.812500
6 0.97	12444.59	+-22043.812500
7 0.86	12444.59	+-22043.812500
8 0.68	12444.59	+-22043.812500
9 0.43	12444.59	+-22043.812500
10 0.14	12444.59	+--107374176.000000
11 -0.16	12444.59	+--107374176.000000
12 -0.44	12444.59	+--107374176.000000
13 -0.69	12444.59	+--107374176.000000
14 -0.87	12444.59	+--107374176.000000
15 -0.98	12444.59	+--107374176.000000
saving accuracies pack 
0 0.00	0.00	+-0.259030
1 0.30	0.30	+-0.256792
2 0.56	0.56	+-0.254885
3 0.78	0.78	+-0.242355
4 0.93	0.93	+-0.240513
5 1.00	1.00	+-0.238386
6 0.97	0.41	+-0.245899
7 0.86	0.41	+-0.245896
8 0.68	0.42	+-0.245776
9 0.43	0.40	+-0.245896
10 0.14	0.40	+--107374176.000000
11 -0.16	0.40	+--107374176.000000
12 -0.44	0.40	+--107374176.000000
13 -0.69	0.40	+--107374176.000000
14 -0.87	0.40	+--107374176.000000
15 -0.98	0.40	+--107374176.000000
