accuracy 99,98,NATR,56,78,0,69,93,67,69,75,75,94,95,88,72,76,69,96,0,49,11,87,83,82,74,55,70,31,76,69,acc,66,AME,81,87,99,88,98,90,99,94,98,0,94,86,3,97,98,97,90,0,1,98,93,97,99,90,90,92,99,79,acc,79,FOB,55,0,11,47,0,0,48,0,0,65,0,0,34,0,25,24,0,0,95,0,15,0,0,0,8,0,0,22,acc,17,SEPR,94,96,0,97,96,95,97,99,96,5,95,96,94,99,97,98,97,96,93,94,92,94,96,97,97,96,99,89,acc,85,TTC,98,98,94,97,96,87,96,95,97,96,99,98,93,96,95,0,95,96,96,97,0,92,98,96,95,98,99,97,acc,89,accall	,68,
accuracy 99,99,NATR,59,79,0,69,91,68,63,72,78,89,92,90,72,89,66,94,0,49,11,85,81,82,70,56,73,31,74,72,acc,65,AME,87,90,99,86,99,91,99,91,95,0,95,96,3,97,98,99,91,0,1,99,93,98,98,91,95,94,95,80,acc,80,FOB,56,0,17,44,0,0,52,0,0,58,0,0,32,0,24,24,0,0,98,0,14,0,0,0,15,0,0,20,acc,18,SEPR,94,99,0,92,93,93,95,94,95,4,95,98,94,99,97,99,95,92,93,97,92,96,97,99,98,95,99,93,acc,85,TTC,94,99,98,97,99,87,98,98,98,97,96,95,98,96,92,0,96,93,94,94,0,95,99,95,97,94,93,98,acc,89,accall	,68,
accuracy 99,97,NATR,59,79,0,69,89,68,61,71,78,88,92,89,72,93,62,94,0,50,10,86,86,81,70,56,75,30,77,71,acc,65,AME,92,92,98,86,99,91,95,92,92,0,96,97,3,98,99,99,92,0,1,97,95,99,99,92,95,94,94,83,acc,81,FOB,56,0,20,46,0,0,49,0,0,59,0,0,30,0,24,26,0,0,99,0,14,0,0,0,17,0,0,19,acc,18,SEPR,97,98,0,93,89,91,95,93,96,4,94,98,94,99,99,97,94,92,92,96,94,93,98,97,95,96,98,96,acc,84,TTC,93,97,97,98,99,91,98,99,97,95,98,97,97,97,92,0,97,92,95,95,0,98,98,94,99,94,93,96,acc,89,accall	,68,
accuracy 99,97,NATR,61,79,0,69,86,68,61,69,78,86,93,90,74,98,60,93,0,51,10,88,83,82,70,56,76,30,79,71,acc,65,AME,98,93,98,86,98,91,93,93,89,0,98,99,3,99,99,96,93,0,1,95,96,97,98,92,95,93,95,86,acc,81,FOB,57,0,21,50,0,0,47,0,0,62,0,0,28,0,24,28,0,0,99,0,14,0,0,0,21,0,0,19,acc,18,SEPR,99,96,0,95,87,89,93,92,99,4,94,97,95,99,98,94,94,92,91,96,95,91,99,94,93,96,98,98,acc,84,TTC,93,96,95,98,97,94,98,99,97,94,99,97,95,98,91,0,97,92,98,94,0,93,98,94,99,94,92,95,acc,89,accall	,68,
accuracy 99,97,NATR,63,79,0,69,85,67,60,67,78,86,94,90,74,97,57,92,0,52,9,91,82,85,70,56,77,29,81,71,acc,65,AME,96,94,97,86,96,91,91,92,88,0,99,99,3,98,97,94,94,0,1,93,97,97,95,93,94,94,95,89,acc,81,FOB,59,0,24,50,0,0,41,0,0,60,0,0,28,0,23,27,0,0,98,0,14,0,0,0,24,0,0,18,acc,18,SEPR,98,94,0,97,86,87,93,93,99,4,92,97,96,99,97,92,93,92,90,95,95,89,97,92,90,96,98,97,acc,83,TTC,92,95,95,98,96,97,99,99,96,93,98,97,94,98,91,0,96,92,98,95,0,88,98,92,97,93,91,94,acc,89,accall	,68,
accuracy 99,97,NATR,64,79,0,68,83,66,58,65,79,85,95,90,75,92,54,90,0,53,9,92,80,85,70,57,79,29,84,70,acc,65,AME,90,96,97,86,94,92,89,93,85,0,97,97,3,97,95,92,95,0,1,91,98,95,94,94,93,95,95,92,acc,80,FOB,60,0,25,49,0,0,40,0,0,60,0,0,26,0,23,26,0,0,97,0,13,0,0,0,25,0,0,18,acc,18,SEPR,95,93,0,99,83,84,91,91,99,4,91,97,96,99,95,90,93,91,90,95,97,86,96,90,88,96,98,94,acc,82,TTC,92,94,94,98,96,98,99,99,96,92,96,97,93,97,90,0,96,92,99,94,0,84,97,92,96,92,90,94,acc,88,accall	,67,
accuracy 99,97,NATR,66,79,0,68,81,66,57,64,80,86,94,90,76,87,52,89,0,54,8,93,80,86,69,58,80,28,87,68,acc,65,AME,86,97,96,87,93,92,88,94,83,0,96,95,3,97,94,90,95,0,1,88,98,94,93,94,94,95,94,95,acc,79,FOB,62,0,26,51,0,0,41,0,0,62,0,0,25,0,23,26,0,0,96,0,13,0,0,0,27,0,0,17,acc,18,SEPR,94,91,0,98,80,83,90,90,97,4,91,97,97,99,94,89,93,89,89,94,99,83,97,87,87,96,98,90,acc,81,TTC,91,93,93,98,96,95,99,99,95,91,96,98,91,98,90,0,95,92,99,95,0,80,96,91,94,92,90,93,acc,88,accall	,67,
accuracy 99,96,NATR,68,79,0,68,79,66,56,63,82,84,94,90,76,83,49,89,0,56,8,93,81,88,70,58,80,27,89,66,acc,64,AME,82,99,95,87,92,93,86,94,81,0,95,94,3,97,93,89,96,0,1,86,98,93,91,96,93,96,95,97,acc,79,FOB,60,0,28,52,0,0,37,3,0,57,0,0,23,0,23,26,0,0,95,0,13,0,0,0,30,0,0,17,acc,18,SEPR,92,90,0,98,79,80,89,89,96,4,90,97,98,99,92,86,92,89,90,93,99,82,96,86,84,97,98,85,acc,81,TTC,92,92,92,97,96,91,98,99,95,90,96,98,88,99,90,0,95,92,99,95,0,77,96,90,92,92,90,93,acc,87,accall	,67,
accuracy 99,96,NATR,72,86,0,64,79,65,55,63,85,82,90,94,78,82,46,90,0,57,7,91,78,87,74,55,77,27,92,65,acc,65,AME,79,90,93,91,88,94,85,96,78,0,94,91,3,96,94,84,99,0,1,80,96,86,95,98,91,98,95,99,acc,77,FOB,63,0,37,44,0,0,33,17,0,58,0,0,23,0,21,26,0,0,96,0,12,0,0,0,32,0,0,16,acc,19,SEPR,87,91,0,98,77,78,88,87,90,4,89,99,96,99,90,83,91,85,92,96,96,74,98,79,82,99,93,78,acc,79,TTC,93,92,93,99,98,83,98,99,93,87,93,96,81,98,91,0,90,88,97,94,0,76,96,84,91,90,84,91,acc,86,accall	,66,
average_acc 61.036910
